# Created by Octave 8.1.0, Fri Apr 28 11:39:39 2023 GMT <unknown@LAPTOP-I0PCE0I7>
# name: x_world
# type: matrix
# rows: 999
# columns: 3
 0 0 0
 -5.3489158561381815 -5.8681849810128792 1.1940444865496607
 5.3158526796597583 0.64553593058487724 1.0563848844520281
 0 0 0
 5.3084109782619304 -4.600401308048256 0.10116084433120869
 3.8947043854328514 -4.1281088812016957 1.0817050579107621
 2.608739098302383 5.3548050604554298 1.812985030271081
 0 0 0
 1.6432593792451218 -4.9711268053970734 0.32587356884548779
 -2.3849027744800306 -4.3176938021468807 0.19985417153764223
 2.593483052347815 -5.4212800270160102 0.5700170047345039
 -7.0467034060780147 -4.4446474718181168 0.11960424221162229
 0 0 0
 1.7783109122543868 -1.0612882243256101 0.86420439056699383
 3.2859587698380834 4.3548803715692701 1.0955772038784135
 7.1717307698057322 -9.1176905502885699 0.65141225982432149
 2.8407065890627767 0.25221828160977988 1.751237298544833
 0.51929094573047285 -6.8110967678582517 0.28641983048610298
 -7.2562809013484602 -2.0978560454698458 0.53911439197633082
 6.4589834720949906 2.0892381404107354 0.37042616177182341
 1.7712037530984388 3.0064448218522064 0.75221804933784586
 0 0 0
 3.6422511731452505 -4.3750782644301456 0.69489000081525121
 3.3995490828260735 -4.4223520067212529 0.50510381895305434
 -7.0232043017627488 -5.7786103487079261 0.48480049461832669
 3.6626325223713039 -4.7088475500291 0.76095188908573219
 -3.5308389404001419 1.913623834023793 0.62559335275329353
 -4.3518145815896245 -2.7382319226158711 0.75304843393523369
 0 0 0
 -3.1021670576159259 2.0171339873283265 0.77108092922261295
 1.4825074427423677 8.1254665205066026 1.0604994059360182
 -7.7848668186209018 -6.3313532807930457 1.4389473457895681
 0 0 0
 -4.2048884068950052 -1.7206725461269718 0.4798229520772529
 5.6717215805244923 -5.6459803261581811 0.71750341211605306
 1.9806138358833358 2.3649234285490168 0.060407628181473778
 1.4063510848114367 1.5195790229914343 0.16549102950719047
 3.4316593138350351 -4.1204627751525722 1.7225536786324926
 0.96479058728432199 2.3110357472396115 0.9075281574855355
 0 0 0
 0 0 0
 2.9398608131938162 0.30772264260056942 0.92347452738148794
 2.4532183109083592 -4.7298353164804121 0.011798826654683185
 2.3452796034875818 1.6189636890196646 0.89811939674080632
 6.601867173244341 -4.051307230742033 0.18387085928234909
 7.4183729810758523 -4.3324518586556557 0.86661925000038909
 6.2691018010105193 -2.8569647462720891 0.1049230141013453
 4.6124919211625866 -4.9084961356135119 0.47872173951645525
 3.2243373958834551 1.208513654617819 0.81412536928842316
 9.6211319694299373 3.4718995446126626 1.284245836915757
 -7.4510000902184927 -5.7036135700977111 0.97694229120683951
 0 0 0
 2.4974790455295794 3.0486686205415392 0.51790423312837364
 6.0381838168223982 -4.7596516805030902 1.4889637218777216
 8.3331126849888957 -9.6473562415796277 1.8348498828497497
 5.4858151422908366 -6.4815167417150787 1.1285847470756192
 3.7079717982718043 -1.4280185471145652 1.2218758603462931
 -2.8127889223800926 2.2259009643391106 0.068128975144683482
 9.8217094029901375 -6.5798626187451008 1.2155587837386332
 -6.3594899296587446 0.55241195468941262 1.7128324571858147
 3.4599779894150733 3.6865288584370934 1.2861600639484865
 3.9946267852425255 -4.6994491015780557 0.56510880866478574
 -1.7656974684576561 6.3328390615802608 0.91121315928477387
 2.3900463780068244 0.42657241909356158 0.49603946592693182
 0.51897399732121041 -6.7859774814561717 0.27612013046247363
 2.510171571520722 -5.4391530002055655 0.98046980588248855
 0 0 0
 0.76602180949482934 3.77839503866399 0.010689970681105223
 5.7144533334186072 -7.5685980671080628 0.80885538205362995
 -1.5234315743241864 -2.3428402699572075 0.16137152632696589
 6.5515957738959347 5.4653679822229213 1.9387752832464287
 0.16821404023741593 -2.3533258288301711 0.45880721135928715
 -0.92962640545742437 -2.7142688930314671 0.042261934007411732
 -8.5954767120765787 -8.1572913492431631 1.7303835929997737
 8.4378284231873089 4.2018017970089154 1.0896941000594134
 0 0 0
 1.9916566506713702 2.3290130200625665 0.092460088865178175
 5.3933393326437056 -4.5856602367047339 0.046645798733884747
 4.674417208967478 1.707807318392488 0.56074994747929074
 -0.86960640248579069 -3.1401561335607968 0.04968409479777218
 -0.80993137828925921 -5.287235529771527 0.88339601412227386
 6.2835561565931917 3.4668836560138088 1.7728992157725818
 0 0 0
 5.1183054223571851 -3.3871447832042012 1.7291958404201639
 8.1502141139009989 -8.3436749955025675 0.95865855989055282
 0 0 0
 8.3102114955511475 0.97207533115684119 0.19120491537324794
 -3.6557762423695284 6.3593026280588285 0.10321406725583786
 2.6294355693149631 3.316418975554662 0.10385605691855404
 -8.0833137357192975 -0.69599338108107434 1.5551636996339049
 4.9083760521633097 -3.3399013916667815 0.20243467517643798
 -0.5086258150849039 -0.15850022984362955 0.76039535048488482
 -1.2087166495541799 -1.9976420690809931 0.12615319882398612
 6.8223754635416185 -1.0564106034861267 0.72205126110015483
 0 0 0
 6.6182569984772996 3.2391492157341339 0.52086784350163162
 0 0 0
 -4.466816438714682 -7.8499443201207235 0.51175144066146239
 6.5245486323316886 -3.0235962137872927 1.6512599556108898
 -7.4119743057333904 4.8963005263656214 1.5961002083099316
 -2.5725973678960905 2.9071645009739564 0.81213185459457149
 1.1646738775614462 -7.3638371382845023 1.6703913562454018
 0.63577146696602338 3.2178841441453025 0.23173646650406221
 0 0 0
 -3.8790261041002303 1.6803309294071043 0.71667490449270144
 2.7634641012425605 3.8190021166214545 0.07517179521542447
 3.9419943463962328 -5.5719929575606919 0.63030928494059557
 0 0 0
 3.2271841184916106 -2.3146632072297653 0.11648157265051735
 1.8089456850970047 0.85858389406326796 1.195733747936911
 0.95607767767802754 -0.038983092519703888 0.12533129625629538
 6.3779090339552074 -0.62041678585222959 0.049049164257046599
 2.0933573934276728 1.7413345059585748 0.49021937742921345
 -5.2522289030417149 -2.5979625387445848 1.3734126322161826
 3.2234645102175445 0.79423232691129242 0.9541329665123004
 5.2128242290306002 -4.6643856750797648 0.026751022577394042
 -4.2597674769853313 -8.1837990156554437 0.37763461505689555
 1.6003936947620918 -7.1060129540212955 1.6579809687062195
 3.334823743921763 -3.3297760572626598 0.71692089941537951
 3.3456082172622206 1.4006751668026425 0.8188759037550869
 0.12544864465395289 -6.4519061034729557 0.94398236233937149
 -3.5781914929930876 -6.5367315006863675 0.54879906377646648
 3.2624071155874339 -2.861451802952419 0.92377718231926287
 0 0 0
 0 0 0
 -4.9469531104175797 -6.5737493190787113 0.57832900455295022
 0 0 0
 2.5387735206962074 -5.7025667653368544 0.6314161652835063
 -1.9099194179954395 -3.381980716753989 0.98152022669086181
 3.2127303205793178 4.5141918725572765 1.0353199188680704
 -6.1562660819071757 -0.57363716553263799 1.6383439097085817
 1.8041646115427656 1.5529961589008614 0.70781557530954009
 0 0 0
 3.2418523318997274 2.9667642941953978 1.0598928670500349
 7.1091607485392156 8.4504605906097563 1.0489139036699626
 6.5075769098881446 7.4230967948211708 1.4694523364190699
 4.4525968057029246 -8.0514024445696535 0.80382935541988787
 5.1977067670644344 -4.7025032333480974 0.02637441329304159
 -5.7375389937198111 -6.7576418496478174 1.6906269899224657
 3.5091421477778337 2.5248740156289933 0.80216414307001815
 4.5647536486373426 -6.2414671867014091 1.4231692965448697
 0 0 0
 2.4658114246808189 -6.6353294031906209 0.88204583601160103
 0 0 0
 0 0 0
 0.1184190533048044 -3.1733078608283591 1.2685813823100576
 0 0 0
 2.0070044005897381 1.877840075373423 1.5461605335117883
 0 0 0
 0 0 0
 9.4004834728941784 -9.3510786964611992 1.6775423789410988
 4.5126957361061608 -4.8771671085070469 1.7441241663064091
 0 0 0
 1.8278913430149926 -6.5745472817559882 0.41561310451217748
 -0.39990440466444266 -4.3269198587527464 0.11361614098218076
 1.6325602074962378 4.1188458376221977 1.1756955417513475
 2.9810881788214214 4.2701284220989937 0.041892300785361491
