# Created by Octave 8.1.0, Fri Apr 28 11:46:56 2023 GMT <unknown@LAPTOP-I0PCE0I7>
# name: x_world
# type: matrix
# rows: 999
# columns: 3
 -0.063925972058975045 1.3474384019647956 0
 -5.1018815003425289 -5.9885531331134043 1.0947964469294889
 4.0935942682170507 1.0235853327521305 0.82646243091274962
 0 0 0
 0.41036486218322299 -3.3538617246247435 0.70086845422133537
 2.1693535847387695 -2.0335283428587765 0.74348010494156813
 0.33703923302930772 4.1310098305370815 1.6005444569700731
 0 0 0
 -1.6310530554329083 -4.8568532838177196 0.98979826411686678
 -3.3453174140496573 -4.6303042428022998 0.18954857776473708
 -0.0029876272825908323 -5.8890812356511972 1.0039371715657506
 -8.2799813813158138 -5.3669300636764774 0.140717895793914
 0 0 0
 0.58396824577464712 -0.21020599727125386 0.84193614952450879
 3.5003486945164299 7.8115069684426306 1.7325606634249429
 8.6185569862748483 -7.3793130076150462 0.70079764972770076
 2.1444943822481766 1.0312789365233495 1.8102181385052303
 -1.3852499618398542 -9.5459967157351606 0.68621592316391278
 -7.2562809013479486 -2.0978560454700066 0.53911439197627486
 5.1862504266436584 2.3033456118303559 0.33180370890029798
 0.5909036672573984 3.4503638558357048 0.68635703183803343
 0 0 0
 0.57649179790879312 -4.1182295970600755 1.22586111139578
 -0.25614317339738446 -3.6640860746713586 1.1263038261008396
 -8.0259790550624572 -6.8017101448331889 0.58766444935936746
 1.7710621574292078 -3.9094973206666612 1.4405176981950385
 -6.6569414490430532 2.5261081957396021 1.1741617795045489
 -5.2765937944056907 -4.577545467394458 0.98281267404163031
 0 0 0
 -5.8326100795655371 2.6651876664961431 1.3789751482293067
 -0.57106746397986885 2.2399485926812597 0.49043583516813538
 -9.0617778802711673 -7.6184121601782699 1.773188364958906
 -7.0051564257904513 -4.3937232063945464 0.69810742353570665
 -4.531563045928114 -1.5693413418496058 0.53605156643231422
 4.4536333787171616 -3.6529018746451074 0.65763835529567016
 1.0201941949627693 5.2604044904850378 0.11919671851374899
 0.77753024479511557 6.6091117141660858 0.39994068372214492
 2.5006317152124393 -2.519937926617601 1.8002505597499305
 0.20819940653644342 2.050428522869709 0.69636091821186807
 0 0 0
 0 0 0
 3.2673108287468038 1.915874991667526 1.7755399651814046
 -1.9386858530638367 -4.5184967430149587 0.38482854431617541
 1.6732339609582521 2.8446159588568642 1.1351746628011117
 4.5829862635999303 -2.1938725733007693 0.13361783678871797
 9.3418895952144592 -3.2305705598423731 1.4187083269654033
 7.0970844142803857 -4.3794613741109423 0.35559837243398673
 0.87641465309562905 -4.4981820285237335 1.833877102324597
 4.6125842654374214 3.7712502964992636 1.7990756467939182
 4.8792207833801671 1.9030861062061351 0.53366222710503619
 -7.4510000902185212 -5.7036135700977173 0.97694229120684573
 0 0 0
 1.899203454373902 5.5729129504159962 0.80450979359452113
 4.7210864193487447 -2.7922939447290607 1.3886686385063052
 8.8523633358016802 -7.4302577385492583 1.7080053740703798
 4.2360307061135289 -4.4066725937031599 0.96299283563689198
 1.9622238712293156 -0.13790528618814302 1.1058853088466063
 -5.4560571567237446 2.998223250997893 0.11963283996755621
 4.0761784226516129 -2.029909643702184 0.53824332037649592
 -5.7884605896562924 -0.40542234253152493 1.4542147527172971
 3.6299445823628922 6.1068162172939271 1.8216897328790707
 5.5596686929621759 -6.7898183373475218 0.87421239230585845
 -3.8056180255088785 4.1232338259273966 1.1536299194928654
 2.431881369082904 1.5114713126356449 0.76687187448156124
 -1.4029927015574608 -9.4939121342400643 0.66183475851592344
 0.34614163032622947 -5.6926564164830671 1.4149881370600776
 0 0 0
 -1.0388752556143972 2.9471843749964401 0.010089337682742157
 4.6049933834457502 -5.231736006642608 0.73320175109407226
 -4.2097686672754699 0.15429020955197892 0.72922597022428293
 4.8060445498588322 6.7628481294526495 1.919150007326659
 -1.1391843339727348 -2.2684846550355822 0.3187659613978342
 -6.1831118697523477 1.2683558905932297 1.9239502306371319
 -4.0237763212161708 -6.9473984269081068 0.94330848869223383
 5.8121416416961775 5.8543625642421935 1.0194346310934388
 -3.2512653917795142 7.5653022191997863 1.8402919293239639
 1.3594356231421572 5.3357899054368367 0.16594526803977272
 0.060100984465716212 -3.1964079529277529 0.37658943046998139
 4.7972471634578309 2.9735549798170786 0.74864540414269221
 -4.1936349708410754 -2.8254148391409735 0.19137966103899862
 -1.6114975599886132 -4.731027321870128 0.70179937395323377
 4.5294707807352221 4.0485198560230415 1.5150437288370102
 0 0 0
 3.7655874653413912 -1.9165855496973017 1.4524344069859825
 9.4137634858704917 -6.7052123019413798 1.0979235540640766
 0 0 0
 5.3574904946705502 1.292961847923118 0.11440318525697631
 -4.1900352334586328 2.0820347576285791 0.077164459914275632
 2.0392499490157094 5.1316577283217084 0.13467526868945778
 -3.6956598437358039 -1.222440634878925 0.64964792152974593
 5.5630298288148854 -4.1244424951697471 0.24692400010029308
 -1.5485653982997187 -0.40124262755739748 0.71002826542092479
 -5.2745255730760787 2.321842000374323 1.0696800216247353
 6.7847447412536006 -0.46258132041137356 0.91444076356724135
 0 0 0
 9.7047373716657255 6.4797850053206298 1.0178346189970471
 0 0 0
 -4.5111760744954932 -8.665190810448383 0.54380092201622932
 6.0678228933777181 -2.6129717016934295 1.0870642502647754
 -7.4119743057342307 4.8963005263661437 1.5961002083101614
 -5.1550635518565695 4.4973934266830771 1.4592992094725949
 1.1833732018139205 -6.7738038779398799 1.6952948131626449
 -0.90108352876241427 7.3784172272065875 0.50541280773549158
 0 0 0
 -6.962893668273769 2.1866599641218398 1.320299074629792
 2.2343948721861064 5.8855670353817882 0.099122990539450589
 2.1614298043855653 -8.1400030454622527 0.87751911346950784
 0 0 0
 -0.68921441074901724 0.35073666914299806 0.26457914853945397
 0.87412537687587166 1.7241522031144778 1.3930428176338103
 -2.3157072979020685 1.445666038397986 0.2032668225232222
 7.4152187523660897 0.14614345545683882 0.078999678037661475
 1.3097078807250815 2.8302812463098457 0.58369112059809547
 -7.2177335508217269 -3.0147388000358055 1.9268280750645874
 4.2542861071130327 2.716301255428204 1.8346320895694204
 1.2711701833632927 -2.6154037307518236 0.20967998021945305
 -4.1564032980509467 -8.7919700978750015 0.37026933031086484
 3.1554349985728902 -4.7572384750166119 0.97570301232891854
 1.4781392929949522 -1.3526473669935595 0.65612382442499007
 3.9408456554027689 2.9980999567408868 1.2365065812083065
 -1.8111901229352874 -7.4187229089064362 1.3534822972604947
 -5.0729520536723571 -8.1142497459365295 0.6905634104168461
 -0.013165440470624956 -1.0785395722323283 1.7242899163325824
 0 0 0
 0 0 0
 -6.1612968786681659 -8.2547932860408757 0.85361238672403372
 0 0 0
 -1.9369185746706958 -7.2512798270441143 1.4479346910312114
 -3.7052964649685487 -4.4609510877610354 1.860541606969885
 3.3867641564823829 8.1464249270918287 1.6568224393138009
 -3.9675114999109797 -0.83113015073072327 1.1045537567591188
 0.85816685109078295 2.7754725319179929 0.96803627179080332
 0 0 0
 3.2346216966437975 4.9440147355820088 1.4563506994852791
 2.1076890799470482 0.48346771259688731 0.04131266809943554
 5.1657492718450717 5.304612950484997 1.0484691066204874
 3.9272159320639277 -7.1807547592541248 0.69040223869039008
 1.8609653244126567 -2.9392079377995524 0.19127062294737257
 -4.6611899868771971 -7.1970687039113042 1.7712224681147797
 3.4372813142698382 3.3989063589444899 0.86177999463997357
 5.4686698941999987 -7.0154426983674929 1.9050565770110564
 0 0 0
 0.59075556558479803 -9.1093843318753951 1.9031153847082569
 0 0 0
 0 0 0
 -1.2335108450857981 -2.8628237824081681 1.6425255864162995
 0 0 0
 1.111221476383035 3.0540415829587619 1.9003355060301115
 0 0 0
 0 0 0
 6.9031000180079491 -6.3404493815302949 0.74196605310687402
 4.5414791215239871 -4.3522531078579805 1.9772718848364208
 0 0 0
 -1.5803593042716439 -8.5346514541830008 0.82520649107940658
 -3.2213949757786766 -4.5863546044059511 0.13806544082908134
