# Created by Octave 8.1.0, Fri Apr 28 11:38:48 2023 GMT <unknown@LAPTOP-I0PCE0I7>
# name: x_world
# type: matrix
# rows: 999
# columns: 3
 0 0 0
 -5.5059907651559765 -5.9525284140869719 1.2375513563372635
 2.0333046791650737 0.15095088927086198 0.2651869252605481
 0 0 0
 2.1965024392927255 -2.709480281129296 0.74852756730798675
 2.7356615772083477 -2.7594124970632987 0.7171096298638624
 1.9641428543183785 3.3801209742169855 1.3981392941230997
 0 0 0
 -0.59265422910231935 -5.4390969013839676 1.0599784574011313
 -3.8048859823315269 -4.3447628992070513 0.29232550045789996
 -1.0499581009640844 -5.8826127050665109 1.2337779288043773
 -0.24654892931255007 -3.3808279581144793 0
 0 0 0
 1.6086363236732442 -0.93488038708444499 0.75231502457541888
 2.1992615248642977 2.7309730263788254 0.60271644594786955
 6.6676239996938618 -6.9269853983989309 0.43044150219718091
 3.1085207733326849 0.2504651862905079 1.9505967089165126
 -1.0429180207558151 -8.1543977470567608 0.47582916693911498
 0 0 0
 7.2955346792422588 2.6528723880189355 0.46411195725984078
 1.4633967693519179 2.1477992983163667 0.56440286089384095
 0 0 0
 2.6485511736627498 -4.101115984757933 1.0125528536720001
 1.4220914458968394 -3.934500655135067 0.87454066367087679
 -4.0738945021544222 -4.9239326958650853 0.21034365162718854
 3.0332284015654238 -4.6304087356746386 0.98452826305858177
 -3.5308389404001419 1.913623834023793 0.62559335275329353
 -4.2753356850760218 -2.755993576282413 0.73268675745861267
 0 0 0
 -3.0816272452391482 1.951793651849314 0.73531261660479785
 1.1764128623399324 4.8830548363586006 0.77920362620584571
 -5.0220413931005625 -5.5959228711979909 0.75180247720242188
 0 0 0
 -7.9441384601377028 -0.74157257003278509 1.0114005458821635
 4.3709474561335249 -4.2523526906212723 0.53625376067534614
 1.8021559335170489 2.098452701635559 0.051097877418956369
 1.7538031380923118 2.354198040988186 0.16719981857821287
 3.0211136282872384 -3.5924907674239601 1.4815356765097549
 0.91127854903159156 2.1383766891036315 0.83061918369338017
 0 0 0
 0 0 0
 4.188194507532808 0.41936483516757034 1.3968205061826904
 2.0680266885919756 -4.6973189693653925 0.027143448874488059
 3.0169106406161617 2.1697443749850254 1.2210244736927973
 4.7929115067174726 -2.8684593717235201 0.12855416135860284
 7.2768211534691867 -4.1491002718094112 0.80767560315968434
 6.0540699510008755 -2.4525032170034722 0.049925115329950857
 1.6548309952267815 -4.6338303315265357 1.6413974526580715
 6.1548485815935958 2.924123972987319 1.9809775654062434
 7.6336356725336181 2.5109431768502346 0.92995470338947661
 0 0 0
 0 0 0
 2.1918009353105683 2.6066216919990719 0.41770235388388832
 4.6247900255354226 -3.5685592284033372 1.1054552690058443
 7.3458653522635515 -7.1909499476457244 1.1925147236451201
 4.2298298959163789 -4.880762495307005 0.84439833372481687
 2.844540028216592 -1.0663623022708342 0.89156825222444214
 -2.799508351125529 2.1915597679403187 0.066576882846111338
 4.3512905536671136 -2.7591142517068508 0.50238264680200317
 0 0 0
 2.8810544523597321 3.0044130255720325 0.96440541793159373
 6.2773614330483563 -8.5595101206936235 1.0352103291613635
 -1.7041079571517459 6.2165048045707003 0.90453659359848226
 3.6694610183719232 0.67731453231029926 0.83585822909899987
 -1.0487192323699803 -8.1173601971693881 0.45935532295932469
 -0.3508256968868082 -5.821728205755246 1.8267059014864562
 0 0 0
 0.83468931709607486 5.6541270101682271 0.01334199088649589
 4.302599616071233 -5.5571757359557248 0.59049474584884931
 -6.6672354228189104 1.525916853341895 1.3240365488639552
 5.9344659376243341 4.8121333373312245 1.7021064334717517
 0.16821404023741593 -2.3533258288301711 0.45880721135928715
 -3.6748405404583648 1.3422324565745343 1.1391812197265898
 -5.3674577844591536 -6.934661876369228 1.1527585932644575
 7.3825803599747086 3.5896882716346905 0.93050283996803285
 0 0 0
 1.9416418162591447 2.2286730962751777 0.088718430596205156
 1.9680780958662538 -1.9479007612974577 0.44698266458197866
 6.8832723802005145 3.2454329506329835 1.0702309945241559
 -1.8821375276722496 -2.4565772138580169 0.090455820922281355
 -0.80993137828925921 -5.287235529771527 0.88339601412227386
 5.9964208362885163 3.2745155597635511 1.6656363169023298
 0 0 0
 4.1554454363677014 -2.7014643383865056 1.3633820081067518
 7.6883659125224284 -7.5696886788448658 0.78545259999434625
 0 0 0
 7.6295449411325063 0.89459658118608831 0.16950929501274031
 0.030530427795462778 -0.68934214805478433 0.032954994345205213
 2.2005943289996437 2.6795152334992287 0.076688759754866248
 -5.1205649390281511 -1.6688650206512363 0.94744112059200847
 7.2314351220910202 -5.9822782693014709 0.36632716233384577
 -0.67393288436292487 -0.03440884046204129 0.78106094885592103
 -3.1480838609447437 1.9792646172720474 0.67791669346896843
 7.3492989794331214 -1.2606743030176468 0.84688816354936802
 0 0 0
 3.2210931669361069 -0.091617289643103145 0
 0 0 0
 -4.1914661321840452 -7.6844925221868579 0.47864834379929722
 6.0229550532862239 -2.6668622461441629 1.4318877093941405
 0 0 0
 -2.5725973678960905 2.9071645009739564 0.81213185459457149
 1.5861800120621998 -7.0296692031570132 1.5236009155463526
 0.59994095495827426 3.0634107156248183 0.22027333215453693
 0 0 0
 -3.8790261041002303 1.6803309294071043 0.71667490449270144
 2.3187716767220614 3.1013782218833601 0.056457027839697235
 3.6148627412054757 -6.3839391507689545 0.75240949534255352
 0 0 0
 2.6178450400883926 -1.7073879360053219 0.14274008814783973
 1.2908257599836603 0.56410569986136416 0.96722180035100291
 -0.26177383526583409 1.7759723144874293 0.17306708098826129
 6.2444354247533695 -0.61520707640266692 0.046051564668026346
 2.6337429861574302 2.2938170579988073 0.65322586288287054
 0 0 0
 5.6760618653147885 1.4461830408860714 1.8174796943774614
 2.5981190344175005 -3.6859712647991749 0.14089544513079116
 -3.9983132384492293 -8.0043072477903614 0.35410614158137538
 2.7250872164974629 -6.1408175565709371 1.2517376688020492
 2.4760283672311334 -2.3552522966796343 0.5028035953856298
 6.1387030490153869 2.7084738705237239 1.6260922787998902
 -2.7722101800674848 -7.4444699408143347 1.4262347519283629
 -4.5269278630301413 -7.0586320992179239 0.57627595920534713
 2.6460030342637872 -2.3682433462189092 1.1364527375198854
 0 0 0
 0 0 0
 -4.8209245293016778 -6.5230110034680138 0.54976952861880135
 0 0 0
 -2.7130054871102356 -7.3490960733396395 1.6043595711518046
 -3.2540942499454415 -2.9308114729329553 1.4927145647553992
 2.1660369958811452 2.8479392949583642 0.57646149116896028
 -5.0543875115007291 -1.0557815557253474 1.3101409574172824
 2.1375159196041436 1.917449972767409 0.88306794852092607
 0 0 0
 5.2629355425126052 5.0674477775190487 1.8319801035656802
 0 0 0
 0 0 0
 4.465108873993656 -7.6794322051209685 0.7611595386678236
 3.0642140558136646 -4.0577245398585564 0.11468798948013556
 -5.7375389937198111 -6.7576418496478174 1.6906269899224657
 6.2127789826657969 4.7106629405370946 1.5198045353692315
 5.3118591193660061 -7.4268866146485291 1.6714193792847456
 0 0 0
 0.98586579859759471 -7.8360118743871787 1.3180768307273119
 0 0 0
 0 0 0
 0.1184190533048044 -3.1733078608283591 1.2685813823100576
 0 0 0
 1.7381048758821556 1.5653684835452992 1.2624033351444846
 0 0 0
 0 0 0
 7.9387868505077419 -6.6581202737892458 1.0218847673711333
 4.5126957361061608 -4.8771671085070469 1.7441241663064091
 0 0 0
 -1.5069014651215094 -8.6804721946927721 0.77277621694397669
 -1.2886828628002052 -4.2221934397653058 0.14139105009594694
 1.781074060220462 4.8540896135549785 1.294515855742751
 2.0421240742017321 2.718451447455001 0.023438959637473639
 3.2621555481922209 3.7961225922262285 1.7559786037655414
 0.70910995457294912 0.38435226155501273 0.39028666452733374
 0 0 0
 2.7689620810913698 2.9705713224994952 0.83401401646700024
 6.7568998603450554 0.067124508457011525 0.97532677893168995
 -1.1454458119028148 -8.393438406615104 1.8877239280385965
 7.1201720260984871 -7.1447464478845424 0.027785924894374259
 1.5960698537716256 0.8528431763044082 1.0980248396042884
