# Created by Octave 7.3.0, Mon Mar 13 19:24:18 2023 GMT <lapo@manjaro>
# name: x_world
# type: matrix
# rows: 999
# columns: 3
 -1.4206000290535452 6.3775583780998719 1.0539465144216158
 -4.4957068701797649 -5.7425337127874645 0.69179428738851323
 3.9819843215837851 0.12660643915585032 0.50217765984364438
 0 0 0
 0.41883206533529754 -1.5870299487913329 1.1961933637150883
 2.2845004979982817 -2.1105005730722666 0.76139556426366639
 1.148501154516532 1.7253749300711136 0.62677897467415122
 0 0 0
 -1.8821269148683497 -5.7424616790227789 1.4992061825628558
 -3.3910645656680729 -4.296840340634736 0.21008252923807838
 0.15695278587542094 -5.7513663707369433 0.95957248758285152
 -9.5531474988255063 -5.2913594701589766 0.16131335089519411
 0 0 0
 0.99971085280674032 -0.16921111893245447 0.74577032619628447
 2.3609761517492753 2.6316254198277615 0.61136501077666383
 6.5945552396729781 -6.924020019660964 0.424484598390651
 2.2489972777017226 0.29533584810670954 1.4083829166934139
 -1.6144767179716386 -8.6482673591047856 0.50375318867650831
 -7.257948697655273 -2.0973270729269036 0.53929762596385378
 3.4902792800828859 -0.31324210150852133 0.012351133220046627
 1.2511910609994272 1.8535205333933027 0.3745171782472948
 0 0 0
 0.56744754707122214 -3.4359874507732209 1.690158382864017
 -0.41006822321068204 -3.5112376404972769 1.3149770350496772
 -6.4028819083990838 -5.9592125842773456 0.37300020149909952
 1.7504912299766839 -4.3078549240106652 1.3622116629429244
 -3.4409324189757022 1.7767273532357799 0.50784456048991622
 -4.1203297718134833 -2.9000040282388837 0.65068372830583532
 0 0 0
 -3.0145593297912541 1.8479043989616657 0.58350276147967017
 0.21321121446136931 1.4059463591604775 0.37234576038987754
 -6.3190321577714492 -6.0795584148324027 0.9179365796232144
 -15.85788994638917 -4.5231557598726733 2.0532259250174572
 -5.2785900543572097 -1.7532241972593792 0.58688477001941264
 4.4669942096869066 -4.3032125913520707 0.49452683485944665
 1.5382261214898822 1.7302946507146804 0.034405463795712132
 1.4544961912539616 1.87164580336092 0.10113714324147401
 2.602677896564948 -3.0755583129111188 1.5093955608153253
 0.61808795669827465 1.8360922731547562 0.52255423973974591
 0 0 0
 0 0 0
 3.036775964571794 0.24023293526796463 0.79458372375897357
 -1.9156128746229342 -4.3208152261589587 0.34847203587052988
 2.0376934247634719 1.2177954040411754 0.55908513479785171
 4.8827793340184193 -2.6234175407831226 0.11030274357975511
 6.7175008975637445 -3.830614827458608 0.55599680225149295
 6.8182352444431089 -4.4989494254580755 0.22781352566415081
 0.93840928976013516 -4.591202082060728 1.8792394078602366
 3.6865600541975501 0.9877086159315861 0.67012412247927278
 4.0207576744346003 0.29606476755943972 0.18682572543858134
 -7.4591394555553023 -5.705557311891142 0.97873888087355287
 -0.053639489626163654 -0.053129929802969066 -0.060603383306512409
 1.8985651377401673 2.1968350022982612 0.30594850811018004
 4.7090719345038563 -3.4465187521633438 1.0095507824321279
 7.0682266417502522 -7.0827214729288244 1.1189357867531544
 4.3705872327149979 -4.947308536663412 0.78666702219270135
 2.2569048806607057 -0.53503590579571658 0.7705116913132638
 -2.7440050003128893 1.9858719122172113 0.048959890884291465
 4.2061789264632834 -2.3146661974184815 0.45111895184421963
 -5.6005672594561267 -0.37601285798711354 1.4112958060916065
 2.8666345832113485 2.355913976905303 0.77688110321850012
 5.6424420885765558 -6.9237326150630008 0.78233600223378497
 -0.58923590404767512 1.7047591541320599 0.26269484293668061
 2.4912090808632281 0.40294684448797913 0.40915892025434503
 -1.627818960451056 -8.6129343233220581 0.48644347676121047
 0.20211446568967883 -5.762205214143675 1.6179374735003549
 0.095527042884963762 0.18245031345959051 -0.15200685604685357
 0.15640182762289098 1.4679325081148058 0.0051209811431310037
 4.5550747350970084 -5.5512869548355379 0.55780489716790449
 -4.7565597611565993 0.12098222096309041 0.86939222349736844
 3.017957958689526 1.1232411349171401 0.36735663424086878
 -1.432062427637661 -1.5569945190733545 0.65005288036072484
 -3.701827357490429 1.274972056469782 1.0852417352031878
 -3.7469170385353299 -6.2902208098155699 0.74001757569661974
 3.6432636368763727 0.9102115047381677 0.23904133124860821
 -3.7420659877970808 8.6009311257786507 2.1213991032886557
 1.6395320778814952 2.2056031698029606 0.066452893372467153
 0.16204111496780185 -0.63660539020957552 0.6903293002485581
 3.5387885026411094 0.40284707215031912 0.1711420781144789
 -3.4033186965217803 -1.7161337159475205 0.14388636031385441
 -1.8155935471822837 -5.458819910015289 1.0360259446135309
 3.4222398484644967 0.98177226886536695 0.48673399141314733
 2.0984287994285835 -1.3972773597363077 -0.26207037239123077
 3.7837822521118825 -2.262583927324306 1.2905207532184575
 6.9817286224014143 -6.4336079502281347 0.60369478036820978
 0 0 0
 4.5034163404932928 -0.10587043881774125 0.042500327252293829
 -2.1458579315698967 1.5752386119309338 0.040154364728823957
 2.0379980656528871 2.4000564038587773 0.064194015088050393
 -4.8977591507822531 -2.0225142471339486 0.85862197804295504
 6.1145669312629209 -4.2785463835029338 0.20997564834857879
 -1.0416558310922508 -0.14260332553617622 0.73435201645419279
 -3.0059904700626876 1.7568960066093959 0.56480730824497005
 5.8844860934434271 -1.3226293114515217 0.37410125859744531
 0 0 0
 2.0612237350052838 -1.5648457342318847 -0.19919854427029318
 0 0 0
 -4.0494834413894454 -7.492851450846258 0.39245767639124229
 6.1753613302435184 -2.6185386462149474 1.2475700772366602
 -7.4117150976118502 4.8961370181570025 1.5960284621090408
 -2.5718168833462611 2.4612567166190629 0.57094683144831782
 1.0500392862172578 -6.9107199182864303 1.565032460668383
 0.46469713754772779 2.6720496296627303 0.1487179112177148
 -13.294966755121376 -10.73636732237644 1.3688398792874965
 -3.838458402521312 1.6571308151894515 0.63070065290906585
 2.0501246482179964 2.5973449479087409 0.044480941090094935
 2.5308027880681503 -8.4166731126805434 1.0854198327450113
 -1.2695035247015363 -4.0639916308664112 -0.038206082611781655
 0.15077469887709691 0.46360724451582086 0.22280943858133104
 1.2357106849038526 0.97379096570938328 1.0116135935763946
 -0.67259172191475336 1.1346344148809073 0.1151080590542875
 5.64811036915484 -1.0861233005971043 0.022363288328976057
 1.7394957737464942 1.3507557854838224 0.29019597509757694
 -9.5510835995561152 -2.4836223950412819 2.7188591149223802
 3.5597089895791396 0.61879648038227297 0.77987930165600849
 1.3422279101125671 -3.0970536384113774 0.20171751662103771
 -3.9111210830267091 -7.896453784336761 0.30073467390669756
 3.2232148607312849 -5.2924481861343944 0.93533434254522629
 1.9663685661429442 -1.6153934247636235 0.53582316467127467
 3.540410922590477 1.0064612933017023 0.58757495214787825
 -1.9864483610200159 -7.1328620218327989 1.1843686824547532
 -4.4505244154968873 -7.0373998255766139 0.49230757237126377
 0.43558241316915319 -0.46702355640094495 2.1470987971976809
 0 0 0
 0 0 0
 -4.1807912961909119 -6.3223141172589141 0.33414978659595301
 0 0 0
 -2.0394887830531969 -7.03054879741702 1.3509909780067852
 -3.1683519414119279 -3.0112723661428928 1.3073016726476585
 2.3716068298893065 3.0918077945493647 0.6487127153560498
 -5.5158730670303795 -1.1972443524790362 1.38073014757028
 1.4320322469308622 1.2746288724961914 0.46112272215898353
 0 0 0
 2.6662820292804885 1.8700509037864355 0.60834527084308765
 2.3199660756998912 1.1001043151997507 0.12377564558018969
 2.1687099036735451 0.58380956416928675 0.097584072455924237
 4.4566542697358624 -7.459041540382497 0.73005859953214602
 2.0658724238011876 -3.5728039879801958 0.15219381255664974
 -3.9841105047005567 -6.1403341960383404 1.1084030696112031
 3.1640797672073653 1.5602000497732158 0.46624390927676124
 5.0844789171111175 -7.0627257329676949 1.4931588193095755
 0 0 0
 0.086499943556351724 -8.6462466032444922 1.5153605350608901
 -2.2264289553218841 -3.1418240707410567 0.07393210616357182
